{
    "A" : [
[   4.095511763090e-4,    4.164253033262e-3,    8.288859170065e-4,    4.868494962671e-4,    1.420901897447e-4,   -1.588423432099e-5,   -1.483505239105e-4 ],
[  -4.194928273170e-4,    1.202763487371e-2,   -7.539361874240e-3,    1.294892120093e-3,    7.583918166809e-4,   -2.979416709282e-4,    2.099211174895e-4 ],
[   3.899355293203e-4,    7.539361874240e-3,    4.284519750610e-3,    3.000500449801e-3,    5.310146919386e-4,    5.469695739838e-4,   -1.330787766488e-3 ],
[  -4.838391580773e-4,   -1.294892120093e-3,   -3.000500449801e-3,    1.340229668268e-5,   -2.607347234871e-5,    2.115652455375e-4,   -1.052447459872e-5 ],
[  -1.420998574583e-4,   -7.583918166809e-4,   -5.310146919386e-4,    2.607347234871e-5,   7.169517531767e-10,   -2.120787106224e-5,    3.955089456181e-5 ],
[   1.666604143447e-5,    2.979416709282e-4,   -5.469695739838e-4,   -2.115652455375e-4,    2.120787106224e-5,    1.192777234221e-8,   -1.569627741434e-5 ],
[   1.483766894528e-4,   -2.099211174895e-4,    1.330787766488e-3,    1.052447459872e-5,   -3.955089456181e-5,    1.569627741434e-5,   1.216283629842e-11 ]
]
}
